====================================================================================================
RT-DETR EĞİTİM SONUÇLARI (EPOCH LOGGING ENABLED)
====================================================================================================

EĞİTİM KONFİGÜRASYONU:
--------------------------------------------------
Model: rtdetr-x.pt
Veri Seti: C:/Users/arge.ortak/Desktop/Lens/Kabin_merged_yolo
Epoch Sayısı: 100
Batch Size: 4
Image Size: 1000
Learning Rate: 0.0001
LR Final (lrf): 0.01
Weight Decay: 0.0001
Patience: 50
IoU Threshold: 0.25
Conf Threshold: 0.001
Sınıf Sayısı: 2
Augmentation: Aktif
Cihaz: cuda
GPU: NVIDIA RTX A4500

EĞİTİM SÜRESİ:
--------------------------------------------------
Başlangıç: 2025-12-26 11:21:11
Bitiş: 2025-12-27 00:57:04
Toplam Süre: 815.88 dakika

EPOCH GEÇMİŞİ:
====================================================================================================
Epoch   TrainLoss     mAP50    mAP50-95   Precision    Recall            LR   Time(s)
----------------------------------------------------------------------------------------------------
    1      0.6259    0.4263      0.1466      0.5084    0.4422      5.55e-04     589.3
    2      0.4846    0.4529      0.1569      0.5011    0.4994      1.10e-03     578.1
    3      0.3985    0.4242      0.1458      0.5001    0.4712      1.63e-03     584.6
    4      0.2607    0.5145      0.1993      0.6003    0.5494      1.62e-03     571.0
    5      0.4320    0.5563      0.2209      0.6322    0.5240      1.60e-03     566.8
    6      0.4543    0.5803      0.2377      0.5772    0.5914      1.58e-03     567.0
    7      0.4176    0.5065      0.1823      0.5849    0.5410      1.57e-03     566.4
    8      0.4429    0.5407      0.2165      0.5694    0.5419      1.55e-03     566.6
    9      0.4178    0.5205      0.1929      0.4649    0.5546      1.53e-03     566.8
   10      0.3827    0.5004      0.1951      0.5685    0.5256      1.52e-03     566.0
   11      0.4488    0.5310      0.2195      0.5854    0.5712      1.50e-03     566.7
   12      0.4153    0.5555      0.2288      0.6072    0.5300      1.49e-03     566.7
   13      0.4023    0.5907      0.2439      0.6241    0.5939      1.47e-03     566.8
   14      0.4333    0.3910      0.1146      0.5479    0.4017      1.45e-03     566.9
   15      0.4154    0.4900      0.1837      0.5381    0.5196      1.44e-03     566.8
   16      0.3261    0.5303      0.2074      0.5827    0.5311      1.42e-03     566.4
   17      0.3334    0.5019      0.1831      0.6395    0.4962      1.40e-03     567.0
   18      0.4597    0.5074      0.1872      0.5837    0.4711      1.39e-03     567.0
   19      0.4262    0.4654      0.1613      0.5745    0.4905      1.37e-03     568.3
   20      0.5236    0.5063      0.1985      0.5932    0.5240      1.35e-03     567.9
   21      0.3067    0.5453      0.2245      0.6552    0.5155      1.34e-03     567.9
   22      0.4210    0.6155      0.2548      0.6475    0.6149      1.32e-03     568.5
   23      0.4031    0.5868      0.2495      0.5846    0.5819      1.30e-03     567.8
   24      0.3712    0.4704      0.1648      0.5788    0.4848      1.29e-03     568.6
   25      0.4618    0.5520      0.2016      0.6168    0.5699      1.27e-03     568.1
   26      0.3693    0.5837      0.2372      0.6320    0.5711      1.25e-03     568.0
   27      0.4229    0.5472      0.2184      0.6280    0.5439      1.24e-03     567.5
   28      0.3710    0.5349      0.2130      0.5980    0.5272      1.22e-03     567.1
   29      0.6415    0.5316      0.2180      0.6054    0.5612      1.20e-03     566.9
   30      0.4341    0.5112      0.1938      0.6142    0.4963      1.19e-03     567.9
   31      0.3687    0.5625      0.2201      0.6551    0.5489      1.17e-03     567.6
   32      0.3742    0.5621      0.2265      0.6075    0.5758      1.16e-03     567.2
   33      0.3932    0.5799      0.2438      0.5703    0.5987      1.14e-03     567.4
   34      0.4424    0.5683      0.2305      0.6679    0.5285      1.12e-03     567.4
   35      0.2895    0.3624      0.1114      0.5332    0.3947      1.11e-03     568.0
   36      0.5186    0.5542      0.2113      0.6229    0.5445      1.09e-03     567.9
   37      0.3932    0.6312      0.2803      0.6912    0.5684      1.07e-03     570.9
   38      0.3660    0.5789      0.2439      0.7003    0.5354      1.06e-03     568.2
   39      0.4277    0.5808      0.2456      0.6256    0.5637      1.04e-03     567.2
   40      0.3350    0.4143      0.1410      0.5310    0.4964      1.02e-03     567.3
   41      0.4653    0.5198      0.1925      0.6307    0.5394      1.01e-03     567.1
   42      0.3280    0.5797      0.2339      0.6560    0.5601      9.90e-04     567.2
   43      0.3767    0.5487      0.2215      0.6103    0.5539      9.74e-04     567.2
   44      0.3787    0.5883      0.2491      0.6129    0.5872      9.57e-04     570.2
   45      0.4119    0.5545      0.2371      0.6408    0.5210      9.41e-04     567.6
   46      0.3746    0.5736      0.2403      0.6379    0.5596      9.24e-04     567.2
   47      0.3574    0.5561      0.2286      0.6681    0.5424      9.08e-04     565.9
   48      0.3620    0.5916      0.2526      0.6106    0.5990      8.91e-04     565.7
   49      0.4544    0.6183      0.2609      0.6373    0.6081      8.75e-04     565.8
   50      0.3459    0.6181      0.2560      0.5838    0.6564      8.58e-04     565.8
   51      0.4915    0.5791      0.2536      0.6617    0.5350      8.42e-04     565.4
   52      0.3229    0.6034      0.2527      0.6580    0.5851      8.25e-04     565.4
   53      0.3192    0.5544      0.2303      0.5597    0.5916      8.09e-04     566.1
   54      0.4240    0.5536      0.2355      0.5813    0.5691      7.92e-04     566.0
   55      0.3559    0.5582      0.2247      0.6252    0.5401      7.76e-04     565.9
   56      0.3555    0.5798      0.2366      0.6791    0.5337      7.59e-04     565.9
   57      0.3841    0.5725      0.2391      0.6841    0.5263      7.43e-04     565.8
   58      0.3538    0.5938      0.2560      0.6855    0.5210      7.26e-04     565.9
   59         nan    0.0000      0.0000      0.0000    0.0000      7.10e-04     562.2
   60         nan    0.0000      0.0000      0.0000    0.0000      6.93e-04     549.4
   61      0.3431    0.0000      0.0000      0.0000    0.0000      6.77e-04     548.7
   62         nan    0.0000      0.0000      0.0000    0.0000      6.60e-04     549.3
   63         nan    0.0000      0.0000      0.0000    0.0000      6.44e-04     549.7
   64         nan    0.0000      0.0000      0.0000    0.0000      6.27e-04     549.2
   65         nan    0.0000      0.0000      0.0000    0.0000      6.11e-04     549.3
   66         nan    0.0000      0.0000      0.0000    0.0000      5.94e-04     549.2
   67      0.3669    0.0000      0.0000      0.0000    0.0000      5.78e-04     548.3
   68         nan    0.0000      0.0000      0.0000    0.0000      5.61e-04     548.9
   69      0.2951    0.0000      0.0000      0.0000    0.0000      5.45e-04     549.2
   70      0.3237    0.0000      0.0000      0.0000    0.0000      5.28e-04     549.3
   71         nan    0.0000      0.0000      0.0000    0.0000      5.12e-04     549.0
   72         nan    0.0000      0.0000      0.0000    0.0000      4.95e-04     548.4
   73      0.4302    0.0000      0.0000      0.0000    0.0000      4.79e-04     549.3
   74      0.3482    0.0000      0.0000      0.0000    0.0000      4.62e-04     548.9
   75         nan    0.0000      0.0000      0.0000    0.0000      4.46e-04     548.7
   76         nan    0.0000      0.0000      0.0000    0.0000      4.29e-04     549.0
   77         nan    0.0000      0.0000      0.0000    0.0000      4.13e-04     549.1
   78         nan    0.0000      0.0000      0.0000    0.0000      3.96e-04     548.8
   79         nan    0.0000      0.0000      0.0000    0.0000      3.80e-04     549.1
   80         nan    0.0000      0.0000      0.0000    0.0000      3.63e-04     548.8
   81         nan    0.0000      0.0000      0.0000    0.0000      3.47e-04     549.8
   82         nan    0.0000      0.0000      0.0000    0.0000      3.30e-04     548.7
   83         nan    0.0000      0.0000      0.0000    0.0000      3.14e-04     549.1
   84         nan    0.0000      0.0000      0.0000    0.0000      2.97e-04     548.0
   85      0.3030    0.0000      0.0000      0.0000    0.0000      2.81e-04     548.7
   86         nan    0.0000      0.0000      0.0000    0.0000      2.64e-04     549.1
   87         nan    0.0000      0.0000      0.0000    0.0000      2.48e-04     548.9
   87         nan    0.6316      0.2789      0.6894    0.5678      2.48e-04     569.0

EN İYİ MODEL SONUÇLARI:
====================================================================================================
En İyi Epoch: 87
mAP50: 0.6316
mAP50-95: 0.2789
Precision: 0.6894
Recall: 0.5678


====================================================================================================
EN İYİ MODEL (BEST) TEST SONUÇLARI:
====================================================================================================
mAP50: 0.6418
mAP50-95: 0.2889
Precision: 0.7199
Recall: 0.5722
mAP@0.25: 0.6418

====================================================================================================
SON MODEL (LAST) TEST SONUÇLARI:
====================================================================================================
mAP50: 0.0000
mAP50-95: 0.0000
Precision: 0.0000
Recall: 0.0000
mAP@0.25: 0.0000

====================================================================================================
NOT: Bu sonuçlar otomatik olarak oluşturulmuştur.
Epoch logları: C:/Users/arge.ortak/Desktop/Lens/results/RTDETR\kabin_20251226_112111\epoch_logs
====================================================================================================
