====================================================================================================
RT-DETR EĞİTİM SONUÇLARI (EPOCH LOGGING ENABLED)
====================================================================================================

EĞİTİM KONFİGÜRASYONU:
--------------------------------------------------
Model: rtdetr-x.pt
Veri Seti: C:/Users/arge.ortak/Desktop/Lens/full_merged_yolo
Epoch Sayısı: 100
Batch Size: 4
Image Size: 1000
Learning Rate: 0.0001
LR Final (lrf): 0.01
Weight Decay: 0.0001
Patience: 30
IoU Threshold: 0.25
Conf Threshold: 0.001
Sınıf Sayısı: 2
Augmentation: Aktif
Cihaz: cuda
GPU: NVIDIA RTX A4500

EĞİTİM SÜRESİ:
--------------------------------------------------
Başlangıç: 2026-01-02 09:33:07
Bitiş: 2026-01-03 02:01:28
Toplam Süre: 988.36 dakika

EPOCH GEÇMİŞİ:
====================================================================================================
Epoch   TrainLoss     mAP50    mAP50-95   Precision    Recall            LR   Time(s)
----------------------------------------------------------------------------------------------------
    1      0.3705    0.5388      0.1985      0.6565    0.5280      5.55e-04    1059.8
    2      0.4787    0.5460      0.2207      0.5859    0.5815      1.10e-03    1046.4
    3      0.5000    0.5505      0.2148      0.6366    0.5410      1.63e-03    1042.3
    4      0.5476    0.5195      0.2079      0.6292    0.4942      1.62e-03    1041.7
    5      0.6293    0.5573      0.2235      0.5917    0.5588      1.60e-03    1046.7
    6      0.4736    0.5630      0.2319      0.6395    0.5663      1.58e-03    1045.0
    7      0.4505    0.5475      0.2191      0.6150    0.5698      1.57e-03    1043.9
    8      0.5348    0.5375      0.2132      0.6123    0.5562      1.55e-03    1043.8
    9      0.4976    0.5747      0.2371      0.6699    0.5612      1.53e-03    1042.2
   10      0.4899    0.5996      0.2426      0.7210    0.5496      1.52e-03    1042.5
   11      0.3288    0.5744      0.2135      0.6565    0.5646      1.50e-03    1040.6
   12      0.6429    0.6477      0.2683      0.6886    0.6413      1.49e-03    1042.3
   13      0.4252    0.6315      0.2679      0.6954    0.5793      1.47e-03    1041.6
   14      0.5680    0.6101      0.2471      0.6936    0.6062      1.45e-03    1041.5
   15      0.4504    0.6340      0.2549      0.7004    0.6169      1.44e-03    1041.8
   16      0.5314    0.6400      0.2628      0.6708    0.6397      1.42e-03    1041.9
   17      0.4099    0.6366      0.2552      0.6728    0.6129      1.40e-03    1042.1
   18      0.4745    0.6098      0.2342      0.7070    0.5680      1.39e-03    1042.3
   19      0.5577    0.6132      0.2592      0.6861    0.5849      1.37e-03    1042.5
   20      0.3812    0.6177      0.2445      0.7355    0.5780      1.35e-03    1041.6
   21      0.5014    0.5984      0.2469      0.6778    0.5640      1.34e-03    1041.5
   22      0.3041    0.6200      0.2470      0.7054    0.6064      1.32e-03    1041.5
   23      0.4432    0.6704      0.2842      0.7224    0.6254      1.30e-03    1042.4
   24      0.4123    0.6177      0.2460      0.7238    0.5761      1.29e-03    1041.0
   25      0.4109    0.6449      0.2621      0.7034    0.6430      1.27e-03    1041.3
   26      0.4552    0.6238      0.2504      0.6867    0.6113      1.25e-03    1042.1
   27      0.5180    0.6859      0.2926      0.7369    0.6535      1.24e-03    1042.2
   28      0.3942    0.6087      0.2446      0.6653    0.6148      1.22e-03    1040.7
   29      0.3500    0.6160      0.2309      0.6874    0.5873      1.20e-03    1040.1
   30      0.0477    0.6217      0.2470      0.6946    0.5925      1.19e-03    1037.8
   31      0.4031    0.6371      0.2621      0.6827    0.6126      1.17e-03    1037.7
   32      0.3498    0.6506      0.2721      0.6975    0.6560      1.16e-03    1036.9
   33      0.6801    0.6292      0.2499      0.6648    0.6060      1.14e-03    1036.1
   34      0.3422    0.6256      0.2436      0.6988    0.5994      1.12e-03    1036.1
   35      0.4402    0.6315      0.2469      0.6573    0.6383      1.11e-03    1035.0
   36      0.7160    0.6492      0.2662      0.7259    0.6202      1.09e-03    1034.7
   37      0.3877    0.6535      0.2738      0.6780    0.6285      1.07e-03    1034.1
   38      0.4647    0.6586      0.2590      0.7215    0.6153      1.06e-03    1034.7
   39      0.5015    0.6909      0.2908      0.6923    0.6878      1.04e-03    1034.5
   40      0.4821    0.6515      0.2734      0.7099    0.6088      1.02e-03    1034.3
   41      0.3890    0.6215      0.2563      0.7107    0.5945      1.01e-03    1034.5
   42      0.4120    0.6615      0.2766      0.6873    0.6420      9.90e-04    1033.7
   43      0.3751    0.6682      0.2798      0.7154    0.6237      9.74e-04    1033.3
   44      0.3288    0.6700      0.2806      0.7238    0.6221      9.57e-04    1033.7
   45      0.3838    0.6724      0.2841      0.7045    0.6467      9.41e-04    1033.5
   46      0.4716    0.6550      0.2683      0.6947    0.6273      9.24e-04    1033.8
   47      0.4151    0.6583      0.2753      0.6862    0.6480      9.08e-04    1033.5
   48      0.3536    0.6620      0.2670      0.6670    0.6584      8.91e-04    1033.5
   49      0.2450    0.6559      0.2686      0.7001    0.6172      8.75e-04    1033.3
   50      0.3806    0.6576      0.2603      0.7246    0.6301      8.58e-04    1032.7
   51      0.4520    0.6436      0.2651      0.6970    0.6381      8.42e-04    1033.4
   52      0.3782    0.6404      0.2605      0.7125    0.6285      8.25e-04    1033.2
   53      0.3294    0.6374      0.2623      0.6845    0.6119      8.09e-04    1033.6
   54      0.5318    0.6529      0.2696      0.7429    0.6069      7.92e-04    1033.2
   55      0.4982    0.6408      0.2674      0.7043    0.6008      7.76e-04    1032.4
   56      0.2563    0.6565      0.2713      0.6898    0.6517      7.59e-04    1032.7
   57      0.5861    0.6304      0.2626      0.6891    0.6496      7.43e-04    1033.4
   57      0.5861    0.6856      0.2921      0.7359    0.6532      7.43e-04    1071.5

EN İYİ MODEL SONUÇLARI:
====================================================================================================
En İyi Epoch: 39
mAP50: 0.6856
mAP50-95: 0.2921
Precision: 0.7359
Recall: 0.6532


====================================================================================================
mAP@0.25 SONUÇLARI (Özel IoU Threshold):
====================================================================================================
EN İYİ MODEL (BEST):
  mAP@0.25: 0.6858
  mAP50: 0.6858
  mAP50-95: 0.2921
  Precision: 0.7361
  Recall: 0.6535

SON MODEL (LAST):
  mAP@0.25: 0.6299
  mAP50: 0.6299
  mAP50-95: 0.2622
  Precision: 0.6874
  Recall: 0.6506


====================================================================================================
EN İYİ MODEL (BEST) TEST SONUÇLARI:
====================================================================================================
mAP50: 0.6858
mAP50-95: 0.2921
Precision: 0.7361
Recall: 0.6535
mAP@0.25: 0.6858

====================================================================================================
SON MODEL (LAST) TEST SONUÇLARI:
====================================================================================================
mAP50: 0.6299
mAP50-95: 0.2622
Precision: 0.6874
Recall: 0.6506
mAP@0.25: 0.6299

====================================================================================================
NOT: Bu sonuçlar otomatik olarak oluşturulmuştur.
Epoch logları: C:/Users/arge.ortak/Desktop/Lens/results/RTDETR\full_20260102_093307\epoch_logs
====================================================================================================
