====================================================================================================
RT-DETR EĞİTİM SONUÇLARI (EPOCH LOGGING ENABLED)
====================================================================================================

EĞİTİM KONFİGÜRASYONU:
--------------------------------------------------
Model: rtdetr-x.pt
Veri Seti: C:/Users/arge.ortak/Desktop/Lens/Kabin_merged_yolov2
Epoch Sayısı: 100
Batch Size: 4
Image Size: 1000
Learning Rate: 0.0001
LR Final (lrf): 0.01
Weight Decay: 0.0001
Patience: 30
IoU Threshold: 0.25
Conf Threshold: 0.001
Sınıf Sayısı: 2
Augmentation: Aktif
Cihaz: cuda
GPU: NVIDIA RTX A4500

EĞİTİM SÜRESİ:
--------------------------------------------------
Başlangıç: 2025-12-29 12:14:19
Bitiş: 2025-12-30 17:06:51
Toplam Süre: 1732.54 dakika

EPOCH GEÇMİŞİ:
====================================================================================================
Epoch   TrainLoss     mAP50    mAP50-95   Precision    Recall            LR   Time(s)
----------------------------------------------------------------------------------------------------
    1      0.3291    0.5484      0.2104      0.6478    0.5518      5.55e-04    1065.8
    2      0.4765    0.1037      0.0387      0.3116    0.1251      1.10e-03    1048.9
    3      0.4538    0.3338      0.1120      0.4816    0.3534      1.63e-03    1043.6
    4      0.5575    0.4179      0.1553      0.5575    0.4093      1.62e-03    1041.9
    5      0.5392    0.6113      0.2447      0.6750    0.5819      1.60e-03    1042.3
    6      0.4833    0.6025      0.2330      0.6700    0.5879      1.58e-03    1042.1
    7      0.4040    0.5525      0.2103      0.6284    0.5606      1.57e-03    1041.3
    8      0.5023    0.5787      0.2239      0.6728    0.5387      1.55e-03    1041.5
    9      0.5181    0.5780      0.2245      0.6378    0.5782      1.53e-03    1041.5
   10      0.4605    0.5703      0.2110      0.6409    0.5583      1.52e-03    1041.3
   11      0.3443    0.6123      0.2454      0.6836    0.5971      1.50e-03    1042.2
   12      0.6258    0.5917      0.2254      0.6797    0.5677      1.49e-03    1041.8
   13      0.4336    0.6508      0.2635      0.6729    0.6312      1.47e-03    1042.0
   14      0.6192    0.6002      0.2457      0.6805    0.5777      1.45e-03    1041.9
   15      0.4792    0.6091      0.2485      0.6987    0.5861      1.44e-03    1041.7
   16      0.4526    0.6260      0.2586      0.7039    0.5958      1.42e-03    1042.0
   17      0.4102    0.6287      0.2458      0.6704    0.6111      1.40e-03    1041.0
   18      0.4182    0.6196      0.2424      0.7155    0.5733      1.39e-03    1041.3
   19      0.5071    0.6579      0.2681      0.7336    0.6176      1.37e-03    1040.2
   20      0.3895    0.6411      0.2577      0.6729    0.6250      1.35e-03    1040.8
   21      0.4799    0.6166      0.2315      0.6844    0.5801      1.34e-03    1039.7
   22      0.3468    0.6356      0.2472      0.7078    0.6119      1.32e-03    1039.3
   23      0.4301    0.6640      0.2698      0.7001    0.6313      1.30e-03    1039.2
   24      0.3897    0.6184      0.2574      0.6754    0.6179      1.29e-03    1038.4
   25      0.4271    0.6429      0.2561      0.6892    0.6203      1.27e-03    1037.4
   26      0.3874    0.6626      0.2736      0.6942    0.6550      1.25e-03    1038.1
   27      0.5268    0.6652      0.2732      0.6737    0.6474      1.24e-03    1039.7
   28      0.3039    0.6669      0.2803      0.7032    0.6593      1.22e-03    1037.3
   29      0.3519    0.6399      0.2597      0.7031    0.6191      1.20e-03    1036.3
   30      0.0188    0.6548      0.2734      0.7335    0.5986      1.19e-03    1036.3
   31      0.3688    0.6396      0.2518      0.7143    0.5972      1.17e-03    1036.6
   32      0.3487    0.6709      0.2775      0.6780    0.6607      1.16e-03    1036.0
   33      0.6223    0.6337      0.2601      0.7149    0.5955      1.14e-03    1036.1
   34      0.4237    0.6593      0.2784      0.7090    0.6390      1.12e-03    1036.0
   35      0.4352    0.6823      0.2797      0.7192    0.6577      1.11e-03    1035.4
   36      0.5427    0.6800      0.2863      0.7306    0.6409      1.09e-03    1036.0
   37      0.4044    0.6815      0.2800      0.7011    0.6662      1.07e-03    1034.8
   38      0.4645    0.6141      0.2382      0.6601    0.6039      1.06e-03    1035.0
   39      0.5253    0.6635      0.2777      0.7094    0.6267      1.04e-03    1035.2
   40      0.4210    0.6697      0.2776      0.6906    0.6597      1.02e-03    1034.6
   41      0.3760    0.6452      0.2710      0.6850    0.6394      1.01e-03    1034.8
   42      0.4161    0.6620      0.2798      0.6755    0.6553      9.90e-04    1035.2
   43      0.3626    0.6430      0.2754      0.6850    0.6223      9.74e-04    1033.9
   44      0.2996    0.6612      0.2754      0.7042    0.6347      9.57e-04    1033.7
   45      0.3789    0.6719      0.2814      0.7206    0.6342      9.41e-04    1034.2
   46      0.4767    0.6834      0.2903      0.6884    0.6593      9.24e-04    1033.1
   47      0.4412    0.6574      0.2741      0.7267    0.6196      9.08e-04    1033.2
   48      0.2973    0.6710      0.2765      0.7154    0.6395      8.91e-04    1033.8
   49      0.2350    0.6536      0.2720      0.7048    0.6387      8.75e-04    1033.7
   50      0.3897    0.6639      0.2804      0.7038    0.6447      8.58e-04    1033.5
   51      0.4527    0.6539      0.2636      0.6897    0.6372      8.42e-04    1034.3
   52      0.3349    0.6485      0.2688      0.7087    0.6274      8.25e-04    1034.0
   53      0.4239    0.6496      0.2725      0.7079    0.6432      8.09e-04    1033.4
   54      0.5804    0.6640      0.2847      0.6862    0.6520      7.92e-04    1033.2
   55      0.4213    0.6775      0.2933      0.7393    0.6230      7.76e-04    1033.2
   56      0.2502    0.6745      0.2874      0.7140    0.6377      7.59e-04    1033.1
   57      0.5671    0.6706      0.2846      0.7026    0.6619      7.43e-04    1033.2
   58      0.4881    0.6881      0.2914      0.7029    0.6701      7.26e-04    1033.5
   59      0.5405    0.6559      0.2802      0.7101    0.6244      7.10e-04    1033.3
   60      0.4296    0.6562      0.2741      0.6967    0.6332      6.93e-04    1033.2
   61      0.3606    0.6852      0.2879      0.7205    0.6633      6.77e-04    1032.9
   62      0.3476    0.6796      0.2826      0.7309    0.6497      6.60e-04    1033.0
   63      0.4353    0.6585      0.2771      0.7350    0.6307      6.44e-04    1033.6
   64      0.3908    0.6747      0.2841      0.7416    0.6273      6.27e-04    1032.6
   65      0.5173    0.6709      0.2811      0.7115    0.6582      6.11e-04    1032.5
   66      0.2826    0.6715      0.2820      0.7158    0.6497      5.94e-04    1032.8
   67      0.3186    0.6817      0.2891      0.7282    0.6519      5.78e-04    1032.7
   68      0.3888    0.6726      0.2786      0.7212    0.6563      5.61e-04    1032.8
   69      0.3431    0.6628      0.2780      0.7314    0.6355      5.45e-04    1034.7
   70      0.4217    0.6702      0.2801      0.7348    0.6361      5.28e-04    1038.0
   71      0.3985    0.6814      0.2910      0.7385    0.6461      5.12e-04    1039.1
   72      0.3922    0.6791      0.2849      0.7474    0.6366      4.95e-04    1039.8
   73      0.3397    0.6661      0.2843      0.7544    0.6333      4.79e-04    1040.5
   74      0.3873    0.6703      0.2896      0.7308    0.6493      4.62e-04    1041.6
   75      0.3786    0.6849      0.2938      0.7351    0.6541      4.46e-04    1040.2
   76      0.2137    0.6909      0.2990      0.7263    0.6503      4.29e-04    1040.6
   77      0.4617    0.6876      0.2937      0.7368    0.6599      4.13e-04    1040.5
   78      0.3649    0.6872      0.2919      0.7592    0.6469      3.96e-04    1040.4
   79      0.3308    0.6818      0.2898      0.7395    0.6496      3.80e-04    1042.6
   80      0.2507    0.6893      0.2940      0.7699    0.6491      3.63e-04    1043.8
   81      0.2588    0.6761      0.2888      0.7395    0.6495      3.47e-04    1045.2
   82      0.3159    0.6833      0.2893      0.7562    0.6442      3.30e-04    1042.6
   83      0.3418    0.6742      0.2876      0.7428    0.6362      3.14e-04    1041.3
   84      0.3269    0.6674      0.2836      0.7219    0.6367      2.97e-04    1040.4
   85      0.2201    0.6654      0.2839      0.7360    0.6284      2.81e-04    1037.5
   86      0.0275    0.6752      0.2898      0.7307    0.6515      2.64e-04    1037.7
   87      0.3466    0.6673      0.2876      0.7105    0.6560      2.48e-04    1037.3
   88      0.4298    0.6697      0.2875      0.7522    0.6293      2.31e-04    1037.0
   89      0.5362    0.6701      0.2874      0.7164    0.6621      2.15e-04    1037.5
   90      0.3200    0.6706      0.2883      0.7302    0.6458      1.98e-04    1040.5
   91      0.3403    0.6732      0.2890      0.7628    0.6180      1.82e-04    1063.6
   92      0.3912    0.6659      0.2860      0.7617    0.6168      1.65e-04    1040.5
   93      0.3883    0.6652      0.2854      0.7621    0.6225      1.49e-04    1041.8
   94      0.4538    0.6650      0.2850      0.7497    0.6316      1.32e-04    1042.2
   95      0.3073    0.6684      0.2843      0.7433    0.6496      1.16e-04    1042.3
   96      0.0030    0.6633      0.2833      0.7373    0.6462      9.92e-05    1041.7
   97      0.3789    0.6634      0.2834      0.7416    0.6389      8.27e-05    1041.6
   98      0.3405    0.6538      0.2812      0.7366    0.6309      6.62e-05    1042.0
   99      0.4915    0.6496      0.2806      0.7528    0.6233      4.97e-05    1042.5
  100      0.3596    0.6473      0.2785      0.7373    0.6182      3.32e-05    1042.3
  100      0.3596    0.6902      0.2990      0.7280    0.6497      3.32e-05    1079.0

EN İYİ MODEL SONUÇLARI:
====================================================================================================
En İyi Epoch: 76
mAP50: 0.6902
mAP50-95: 0.2990
Precision: 0.7280
Recall: 0.6497


====================================================================================================
mAP@0.25 SONUÇLARI (Özel IoU Threshold):
====================================================================================================
EN İYİ MODEL (BEST):
  mAP@0.25: 0.6904
  mAP50: 0.6904
  mAP50-95: 0.2990
  Precision: 0.7273
  Recall: 0.6497

SON MODEL (LAST):
  mAP@0.25: 0.6484
  mAP50: 0.6484
  mAP50-95: 0.2791
  Precision: 0.7390
  Recall: 0.6196


====================================================================================================
EN İYİ MODEL (BEST) TEST SONUÇLARI:
====================================================================================================
mAP50: 0.6904
mAP50-95: 0.2990
Precision: 0.7273
Recall: 0.6497
mAP@0.25: 0.6904

====================================================================================================
SON MODEL (LAST) TEST SONUÇLARI:
====================================================================================================
mAP50: 0.6484
mAP50-95: 0.2791
Precision: 0.7390
Recall: 0.6196
mAP@0.25: 0.6484

====================================================================================================
NOT: Bu sonuçlar otomatik olarak oluşturulmuştur.
Epoch logları: C:/Users/arge.ortak/Desktop/Lens/results/RTDETR\kabin_20251229_121419\epoch_logs
====================================================================================================
