====================================================================================================
RT-DETR EĞİTİM SONUÇLARI (EPOCH LOGGING ENABLED)
====================================================================================================

EĞİTİM KONFİGÜRASYONU:
--------------------------------------------------
Model: rtdetr-x.pt
Veri Seti: C:/Users/arge.ortak/Desktop/Lens/Datasets/Lens_Kabin_Aralik_Yolo
Epoch Sayısı: 150
Batch Size: 4
Image Size: 1000
Learning Rate: 0.0001
LR Final (lrf): 0.01
Weight Decay: 0.0001
Patience: 30
IoU Threshold: 0.25
Conf Threshold: 0.001
Sınıf Sayısı: 2
Augmentation: Kapalı
Cihaz: cuda
GPU: NVIDIA RTX A4500

EĞİTİM SÜRESİ:
--------------------------------------------------
Başlangıç: 2026-01-08 11:47:50
Bitiş: 2026-01-08 20:41:32
Toplam Süre: 533.70 dakika

EPOCH GEÇMİŞİ:
====================================================================================================
Epoch   TrainLoss     mAP50    mAP50-95   Precision    Recall            LR   Time(s)
----------------------------------------------------------------------------------------------------
    1      0.5672    0.4854      0.1639      0.5600    0.5750      5.55e-04     546.7
    2      0.5004    0.3999      0.1548      0.5489    0.4672      1.10e-03     534.9
    3      0.4045    0.4611      0.1683      0.5401    0.5131      1.64e-03     532.6
    4      0.5505    0.4931      0.1784      0.5701    0.5622      1.63e-03     532.8
    5      0.3661    0.6134      0.2389      0.6455    0.6390      1.62e-03     531.5
    6      0.5691    0.4748      0.1848      0.5568    0.5103      1.61e-03     531.1
    7      0.5973    0.5428      0.2112      0.6131    0.5786      1.60e-03     531.0
    8      0.4420    0.5140      0.1947      0.6001    0.5588      1.59e-03     531.2
    9      0.5433    0.5170      0.1984      0.6335    0.5500      1.58e-03     531.4
   10      0.8790    0.5554      0.2009      0.6422    0.5976      1.57e-03     530.2
   11      0.5101    0.4749      0.1706      0.5702    0.5166      1.56e-03     529.6
   12      0.5540    0.5983      0.2285      0.6467    0.6295      1.55e-03     530.0
   13      0.3009    0.4973      0.1802      0.5810    0.5402      1.53e-03     530.3
   14      0.4384    0.5676      0.2237      0.6247    0.6050      1.52e-03     530.4
   15      0.5445    0.5908      0.2206      0.6467    0.6196      1.51e-03     531.1
   16      0.4484    0.5799      0.2245      0.6640    0.6008      1.50e-03     513.1
   17      0.0028    0.5823      0.2150      0.6744    0.5997      1.49e-03     509.7
   18      0.4462    0.5621      0.2223      0.6600    0.5904      1.48e-03     509.9
   19      0.1763    0.6196      0.2485      0.6647    0.6555      1.47e-03     509.8
   20      0.2287    0.6310      0.2521      0.6850    0.6456      1.46e-03     511.6
   21      0.4329    0.5509      0.2173      0.5896    0.5873      1.45e-03     509.9
   22      0.3039    0.6267      0.2651      0.6898    0.6600      1.44e-03     510.1
   23      0.8698    0.5783      0.2189      0.6922    0.5947      1.42e-03     510.7
   24      0.4247    0.5975      0.2192      0.6700    0.6020      1.41e-03     510.5
   25      0.4551    0.6249      0.2484      0.6818    0.6485      1.40e-03     509.9
   26      0.0280    0.5826      0.2296      0.6562    0.6494      1.39e-03     510.2
   27      0.4431    0.5864      0.2162      0.7000    0.6127      1.38e-03     509.9
   28      0.4852    0.5994      0.2349      0.6862    0.6323      1.37e-03     510.2
   29      0.6861    0.5760      0.2169      0.6549    0.5922      1.36e-03     509.9
   30      0.6225    0.6119      0.2421      0.6711    0.6662      1.35e-03     511.9
   31      1.3762    0.6369      0.2547      0.7043    0.6404      1.34e-03     511.5
   32      0.4783    0.6370      0.2723      0.6554    0.6690      1.33e-03     511.3
   33      0.1898    0.5949      0.2377      0.6393    0.6256      1.31e-03     512.0
   34      0.0223    0.5106      0.1788      0.5556    0.5676      1.30e-03     510.8
   35      0.5248    0.6257      0.2584      0.6988    0.6434      1.29e-03     510.5
   36      0.0082    0.6046      0.2508      0.6716    0.6101      1.28e-03     510.3
   37      0.3309    0.5752      0.2267      0.6417    0.6014      1.27e-03     511.2
   38      0.4465    0.5038      0.1859      0.5749    0.5786      1.26e-03     511.0
   39      0.5385    0.5278      0.1991      0.5501    0.5942      1.25e-03     509.7
   40      0.5279    0.5730      0.2116      0.6381    0.6076      1.24e-03     509.7
   41      0.0116    0.5368      0.2167      0.6180    0.6008      1.23e-03     509.8
   42      0.5596    0.5772      0.2219      0.6449    0.6241      1.22e-03     509.4
   43      0.4321    0.5523      0.1928      0.6553    0.5830      1.20e-03     509.4
   44      0.0156    0.4221      0.1519      0.5422    0.4361      1.19e-03     509.9
   45      0.6147    0.5054      0.1771      0.5815    0.5718      1.18e-03     509.2
   46      0.5866    0.5643      0.2309      0.6375    0.6065      1.17e-03     509.0
   47      0.0494    0.5796      0.2215      0.6660    0.6169      1.16e-03     509.3
   48      0.4571    0.5845      0.2264      0.6513    0.6311      1.15e-03     508.8
   49      0.5945    0.5813      0.2285      0.6186    0.6192      1.14e-03     508.7
   50      0.4991    0.6384      0.2614      0.6772    0.6682      1.13e-03     508.8
   51      0.7227    0.5364      0.2113      0.6842    0.5714      1.12e-03     508.5
   52      0.3582    0.6270      0.2521      0.6809    0.6450      1.11e-03     508.3
   53      0.3687    0.5785      0.2281      0.6604    0.6140      1.09e-03     508.4
   54      0.3907    0.5974      0.2359      0.6615    0.6123      1.08e-03     508.6
   55      0.3658    0.6088      0.2283      0.6706    0.6399      1.07e-03     508.5
   56      0.4872    0.5509      0.2048      0.6250    0.6069      1.06e-03     508.7
   57      0.2820    0.5877      0.2312      0.6480    0.6389      1.05e-03     508.0
   58      0.4721    0.6250      0.2547      0.6439    0.6626      1.04e-03     508.1
   59      0.4036    0.5943      0.2273      0.6322    0.6470      1.03e-03     508.1
   60      0.3846    0.6383      0.2575      0.6941    0.6654      1.02e-03     508.2
   61      0.0340    0.6043      0.2373      0.6668    0.6489      1.01e-03     508.0
   62      0.4322    0.6018      0.2450      0.6441    0.6379      9.96e-04     508.2
   62      0.4322    0.6367      0.2720      0.6551    0.6695      9.96e-04     530.7

EN İYİ MODEL SONUÇLARI:
====================================================================================================
En İyi Epoch: 50
mAP50: 0.6367
mAP50-95: 0.2720
Precision: 0.6551
Recall: 0.6695


====================================================================================================
mAP@0.25 SONUÇLARI (Özel IoU Threshold):
====================================================================================================
EN İYİ MODEL (BEST):
  mAP@0.25: 0.6367
  mAP50: 0.6367
  mAP50-95: 0.2724
  Precision: 0.6549
  Recall: 0.6694

SON MODEL (LAST):
  mAP@0.25: 0.6012
  mAP50: 0.6012
  mAP50-95: 0.2447
  Precision: 0.6410
  Recall: 0.6423


====================================================================================================
EN İYİ MODEL (BEST) TEST SONUÇLARI:
====================================================================================================
mAP50: 0.6367
mAP50-95: 0.2724
Precision: 0.6549
Recall: 0.6694
mAP@0.25: 0.6367

====================================================================================================
SON MODEL (LAST) TEST SONUÇLARI:
====================================================================================================
mAP50: 0.6012
mAP50-95: 0.2447
Precision: 0.6410
Recall: 0.6423
mAP@0.25: 0.6012

====================================================================================================
NOT: Bu sonuçlar otomatik olarak oluşturulmuştur.
Epoch logları: C:/Users/arge.ortak/Desktop/Lens/results/RTDETR\Kabin_aralik_20260108_114749\epoch_logs
====================================================================================================
